3276
3966
3966
3790
4114
3783
4145
4221
4257
4063
4189
4145
4097
3600
3968
4148
3977
3983
4359
4049
4334
4274
4032
4207
4235
4226
3950
4225
4009
4309
4291
4384
3968
4057
3373
4163
3790
3907
3946
3583
4370
4012
3530
4209
3932
4334
4384
4026
4021
3786
4313
3986
4252
3670
3851
3864
4165
3875
4176
4086
3911
4142
3775
4242
4000
4043
3990
3930
3900
3861
4264
3642
3404
3841
3478
4268
4389
4135
4309
3894
4390
3586
3832
3426
4140
4279
3502
4221
3664
3483
4094
4347
4218
3585
4146
4257
3738
4118
4131
4121
4117
3948
3712
4397
4185
3657
4137
3767
3848
4285
3784
4408
4302
4153
4342
3833
3604
4065
4237
3885
4137
4376
4315
3623
3829
4379
4178
4229
4210
3603
4277
4308
4302
4260
4287
3934
4170
4182
3971
3499
3790
4165
3966
4046
3943
4087
4164
4123
4452
3524
4222
3680
3276
4379
4149
4064
4057
4002
4229
3502
4209
4050
4249
3602
4212
4024
4212
4193
4021
4317
4282
4220
3693
4048
4023
4101
3952
4043
4186
3590
4128
3586
3771
3652
3820
3968
3386
3944
4235
3550
4352
4069
3073
4284
3947
4205
4249
3596
4222
4332
4247
4140
4108
3678
4226
3905
4182
3702
4241
3832
3765
4063
3826
4350
3890
3944
3660
4048
4120
3843
3552
4205
4188
3637
4205
3890
4145
3735
3835
3396
3457
4056
4174
4258
3568
3369
4056
4160
3611
4222
4137
4095
4295
4120
4288
3746
3816
3930
3749
4271
3604
4315
4242
3827
3773
3608
4044
4120
4293
4358
3768
3649
3344
4006
3161
3995
4340
3472
4039
3414
3769
3636
3143
4063
3710
3803
3980
3996
3459
3621
4191
4164
3911
4037
3971
4281
4152
3941
3859
3924
4185
4161
3950
4033
4103
3557
4196
4239
3805
4016
----------MARL------------
Route: [99, 6, 90, 30, 28, 81, 50, 44, 83, 79, 84, 18, 65, 94, 26, 34, 42, 82, 76, 38, 62, 60, 52, 95, 20, 55, 22, 92, 2, 47, 43, 15, 25, 24, 3, 57, 8, 45, 89, 66, 93, 4, 5, 19, 23, 39, 98, 9, 51, 54, 61, 32, 78, 41, 21, 40, 96, 69, 14, 86, 12, 36, 37, 0]
Cost: 82763.44999999998
Data Collected: 4016
Budget Reamining: -298.9847222222222
Budget Used: 2298.9847222222224
---------------------------
MARL time is 264866.0
