0 0 0 0
1 6413 6005 14
2 850 2574 1
3 4064 4616 54
4 3423 1794 32
5 2926 3102 34
6 3000 5630 40
7 7556 5985 2
8 2777 8492 36
9 8756 239 94
10 6693 375 43
11 9486 5143 98
12 6494 2275 69
13 2562 2433 93
14 9236 2530 17
15 6795 9557 18
16 11 50 90
17 3235 1993 94
18 7325 8882 41
19 7157 2677 35
20 3203 8101 94
21 9483 7215 22
22 7651 8068 80
23 9308 4313 78
24 8904 4367 53
25 3711 3133 49
26 3409 936 35
27 300 8758 92
28 8294 1271 97
29 6564 9746 16
30 1605 9139 67
31 2277 5141 42
32 5998 9883 45
33 1839 6878 34
34 1186 9807 16
35 5813 6602 32
36 9576 8457 78
37 471 6779 4
38 1190 9000 47
39 5529 2445 53
40 9690 786 5
41 1552 1760 33
42 4559 3169 91
43 8157 9781 78
44 6290 5896 97
45 7838 4605 93
46 532 8343 36
47 9883 8838 23
48 8055 9803 35
49 8206 6694 57
50 6849 9962 4
51 2839 5448 81
52 4600 1063 92
53 5837 7564 39
54 9752 809 53
55 1025 4567 57
56 3382 5177 23
57 9656 2899 17
58 4198 8802 88
59 3266 2398 68
60 5463 3113 10
61 1831 8558 64
62 3810 6397 26
63 8895 9654 68
64 8368 1258 87
65 5723 4142 90
66 6060 9430 89
67 8419 5058 31
68 3497 1183 13
69 2167 3122 64
70 7416 6113 81
71 7823 8474 70
72 5777 8347 45
73 203 3379 80
74 4370 1718 30
75 4209 3834 42
76 7920 534 21
77 2212 5511 66
78 3753 2356 33
79 1895 3341 45
80 3179 4881 31
81 7713 4354 46
82 7229 1391 9
83 6427 7879 73
84 4608 3034 98
85 1087 5730 48
86 6939 9314 99
87 7962 5323 45
88 8498 4480 86
89 3695 490 30
90 4780 6856 73
91 1982 4655 69
92 9348 8062 70
93 9308 1021 96
94 8763 7696 21
95 5440 3889 46
96 9427 9744 20
97 3273 289 16
98 4060 2127 19
99 8663 8700 18
