0 0 0 0
1 707 843 4
2 233 164 58
3 36 475 96
4 46 164 3
5 62 876 76
6 806 658 10
7 889 562 27
8 220 655 30
9 908 288 50
10 706 923 35
11 81 964 52
12 289 239 21
13 778 436 68
14 752 816 95
15 348 65 52
16 683 794 10
17 247 913 63
18 609 815 99
19 427 678 49
20 510 197 50
21 66 931 83
22 102 560 77
23 515 470 78
24 91 416 86
25 734 733 31
26 66 585 86
27 783 385 97
28 243 195 60
29 550 443 56
30 660 752 61
31 481 708 32
32 974 950 53
33 960 403 1
34 173 561 75
35 583 543 19
36 689 217 80
37 845 413 41
38 956 584 33
39 475 398 51
40 472 318 43
41 524 709 67
42 188 429 67
43 700 628 79
44 934 95 31
45 749 154 93
46 88 215 83
47 777 953 85
48 506 573 39
49 977 694 99
50 181 761 83
51 70 697 19
52 347 491 37
53 861 446 1
54 226 99 19
55 44 59 35
56 452 344 60
57 1000 751 36
58 736 866 18
59 838 645 91
60 952 883 1
61 595 645 96
62 885 11 23
63 128 93 65
64 408 702 7
65 312 276 50
66 905 930 13
67 298 758 97
68 307 86 55
69 31 743 72
70 984 615 39
71 276 815 86
72 325 39 46
73 898 591 36
74 399 557 32
75 534 285 75
76 494 114 90
77 732 970 39
78 316 217 18
79 209 365 73
80 815 66 63
81 40 11 2
82 514 1 55
83 91 300 87
84 23 328 8
85 359 8 54
86 919 339 92
87 430 901 96
88 912 27 38
89 414 219 51
90 586 407 22
91 635 263 48
92 850 853 44
93 867 132 96
94 565 792 14
95 698 490 57
96 688 317 87
97 698 104 9
98 515 32 19
99 558 712 25
