0 0 0 0
1 8940 5222 44
2 6273 8518 73
3 4514 590 90
4 5046 5325 79
5 991 2771 33
6 492 6904 98
7 4212 8450 6
8 1907 5138 28
9 71 8375 70
10 7004 3790 89
11 652 4542 38
12 7222 200 23
13 3570 3484 0
14 6216 4251 71
15 4143 9102 87
16 7450 7724 0
17 9021 7127 7
18 8964 4308 61
19 8589 5757 35
20 7823 2714 93
21 9585 9269 93
22 1409 1245 10
23 9621 93 97
24 8499 3272 80
25 8545 3606 88
26 699 9256 67
27 1735 4759 4
28 5394 3230 5
29 393 5540 58
30 5989 9152 42
31 2750 6361 46
32 2013 924 91
33 7776 6538 20
34 2211 6813 43
35 9828 2119 62
36 1666 8971 58
37 8997 5576 4
38 8754 2565 65
39 3279 1516 57
40 1654 3395 57
41 9870 466 24
42 2808 7536 21
43 5049 5614 18
44 2802 8927 72
45 5238 4547 7
46 8934 1108 61
47 5964 1762 12
48 2503 7899 19
49 6014 6988 15
50 5595 6772 65
51 7770 6393 27
52 9873 8484 36
53 4626 3589 85
54 9623 1431 23
55 6993 3208 19
56 4590 7968 83
57 308 6227 26
58 8643 5403 28
59 568 3052 3
60 7787 5557 60
61 76 7089 78
62 428 1713 73
63 8406 2785 74
64 1200 1858 59
65 3930 4028 62
66 5589 6548 7
67 6929 1500 27
68 69 1246 70
69 5270 9565 75
70 1232 1724 20
71 5235 2845 29
72 8169 1529 78
73 778 5393 64
74 7832 111 17
75 3928 9938 42
76 4221 8124 33
77 6629 9298 4
78 250 2910 6
79 2208 469 16
80 5163 4516 79
81 3180 7615 87
82 2745 1304 29
83 9269 709 66
84 1104 5213 35
85 4599 7073 89
86 578 4966 52
87 4392 8283 24
88 418 3311 5
89 9403 2135 88
90 6456 265 39
91 9088 9599 26
92 2740 452 40
93 8173 2468 48
94 122 3207 86
95 619 6293 2
96 7623 7183 21
97 7956 5486 47
98 7385 4232 18
99 8121 2284 90
