0 0 0 0
1 5280 2726 42
2 5734 9572 4
3 8565 9432 75
4 3568 6494 32
5 2289 6659 40
6 4567 1680 73
7 7177 4895 60
8 114 9357 85
9 5399 8901 66
10 1176 4968 9
11 3605 6652 6
12 3464 1660 21
13 2432 4991 21
14 4624 5728 70
15 7528 8932 82
16 9821 3061 81
17 1050 343 6
18 4651 3617 41
19 5229 4450 34
20 1789 5784 24
21 3789 4740 34
22 395 9452 69
23 8269 4578 18
24 7780 1872 52
25 2708 8620 14
26 1514 6493 42
27 7824 1711 79
28 580 5893 46
29 2859 6767 76
30 8028 6331 26
31 5874 5462 39
32 8 2358 76
33 898 9851 65
34 7531 5258 69
35 2798 9644 44
36 9563 6934 65
37 3452 6241 78
38 6102 7978 64
39 6313 1609 0
40 2757 8738 27
41 2515 8291 38
42 5136 7950 20
43 6598 4303 82
44 8482 5440 57
45 8990 4591 97
46 3856 5713 1
47 7623 464 23
48 6848 7408 17
49 5705 296 22
50 7308 379 7
51 3125 6044 55
52 7005 6691 84
53 5357 7545 98
54 4404 1081 21
55 7734 5939 93
56 1204 8036 92
57 2583 6077 31
58 9542 8492 13
59 6043 3505 38
60 8039 3567 9
61 2279 7814 79
62 109 3565 91
63 3566 8808 66
64 4708 3347 69
65 8804 318 17
66 4659 5195 71
67 6693 2348 63
68 7552 2394 42
69 9109 3396 10
70 9929 8909 19
71 4105 5286 53
72 6938 2383 58
73 4203 5193 10
74 5893 1385 18
75 809 5325 19
76 4234 2974 4
77 3416 5589 86
78 5022 5885 8
79 1398 4807 31
80 6485 590 61
81 4767 9932 52
82 178 5594 23
83 3646 2767 1
84 7554 2824 66
85 5413 484 17
86 3886 751 72
87 6125 5062 72
88 4119 6188 23
89 564 7881 78
90 1562 2914 65
91 4967 6114 12
92 3933 5445 33
93 7308 2017 50
94 7774 8439 44
95 6944 2216 17
96 3866 8257 47
97 8115 9476 51
98 6203 4848 52
99 6893 6934 90
