0 0 0 0
1 380 9410 74
2 4647 5079 19
3 11 5187 14
4 5720 7522 0
5 3620 8841 88
6 4991 9809 26
7 8973 1886 1
8 7526 703 97
9 7311 3723 10
10 3364 7997 65
11 6965 4170 49
12 9067 3697 92
13 8549 5536 45
14 6193 8921 43
15 8617 7193 42
16 7756 5875 98
17 4444 2351 60
18 7987 1136 5
19 9158 5702 14
20 1125 5926 26
21 9179 2411 27
22 1396 4325 92
23 7254 9108 66
24 1212 9153 2
25 6630 8934 52
26 3663 8428 59
27 6874 10 81
28 5535 4812 70
29 5175 1139 50
30 4607 5636 31
31 8155 9123 68
32 5838 8062 28
33 1574 3905 85
34 5027 1671 95
35 2562 9752 25
36 2705 7909 33
37 3394 4454 47
38 250 2590 60
39 3235 2517 97
40 4668 387 39
41 4258 7140 20
42 5935 6365 17
43 6486 3813 15
44 399 9310 26
45 2350 9376 84
46 3146 872 49
47 2151 3322 2
48 7397 7218 30
49 8076 2302 2
50 2353 9930 74
51 1879 1532 64
52 8595 5290 75
53 6352 160 11
54 471 3915 77
55 2469 9709 6
56 5272 8646 0
57 4768 9269 47
58 3857 5632 18
59 8919 7381 10
60 6001 9881 50
61 2161 1512 2
62 7436 1338 93
63 8516 5613 83
64 8993 9002 6
65 903 681 10
66 727 5348 44
67 3713 1279 64
68 9784 8160 51
69 251 6288 60
70 1967 8918 14
71 1014 6315 69
72 2869 621 43
73 2082 9067 16
74 9041 502 36
75 5207 633 37
76 5429 1808 7
77 5816 2100 54
78 9926 9504 87
79 2329 4696 26
80 2877 1890 97
81 7848 3156 42
82 9218 2620 68
83 1252 1836 4
84 4704 7303 10
85 8987 5318 55
86 9313 9147 90
87 8176 2241 14
88 9777 1066 27
89 8618 8443 3
90 1637 8343 58
91 2286 2086 63
92 6855 6515 10
93 5273 3961 41
94 2686 2807 10
95 8327 8708 8
96 4876 3140 31
97 1020 1429 14
98 9547 1003 35
99 2627 708 87
