0 0 0 0
1 4946 1757 18
2 4456 6736 57
3 7452 3874 88
4 8277 7169 50
5 669 3710 97
6 2391 2529 50
7 3563 3744 30
8 1906 6411 40
9 1241 2591 77
10 7627 7114 94
11 3207 594 50
12 7812 5890 70
13 1506 2843 46
14 6199 9681 57
15 3656 2063 8
16 62 6433 16
17 4082 4008 24
18 8621 4127 79
19 986 4756 39
20 6535 1267 18
21 3402 8530 93
22 4313 1813 30
23 8657 4529 16
24 1875 9002 37
25 6513 3373 50
26 6811 2955 9
27 9767 6361 58
28 4934 7017 0
29 8924 7798 6
30 9151 9531 85
31 7410 9718 99
32 5315 798 40
33 3439 3130 98
34 9849 707 16
35 491 4555 31
36 9641 6596 86
37 8974 157 28
38 1547 132 6
39 3023 8977 54
40 9422 7889 87
41 4010 298 27
42 7547 8199 78
43 3384 4939 77
44 8253 3687 67
45 2572 4695 78
46 941 4455 8
47 4040 9265 6
48 126 4428 4
49 9404 1252 85
50 6085 5496 53
51 4872 5264 47
52 456 9679 46
53 4993 1060 57
54 4070 156 66
55 9270 5365 94
56 881 381 70
57 5366 100 73
58 7984 5966 78
59 1401 6872 88
60 7137 2641 8
61 5931 8599 96
62 3339 4618 57
63 4623 8028 2
64 4849 6927 77
65 1708 5261 1
66 8729 9647 18
67 4397 715 57
68 5330 2795 86
69 8046 9516 69
70 6770 8737 83
71 6976 6255 41
72 837 5953 12
73 2057 2111 4
74 6226 6500 96
75 3518 5244 77
76 858 2283 82
77 1803 5576 46
78 9154 3261 22
79 5135 9978 89
80 7222 2166 94
81 2134 4582 59
82 4588 6216 58
83 5024 9180 84
84 7734 1723 79
85 1643 4081 92
86 4031 6946 13
87 6884 866 48
88 408 3299 58
89 7819 8536 93
90 9398 2516 10
91 5232 4941 32
92 1679 148 47
93 9522 900 35
94 7935 6160 14
95 1759 3078 31
96 6062 5690 39
97 1425 2402 29
98 4197 9863 95
99 6316 4023 86
