0 0 0 0
1 8681 8405 97
2 7618 362 44
3 1999 2713 11
4 7807 2538 53
5 185 1989 82
6 7545 2168 85
7 8193 9578 88
8 2826 4085 75
9 3029 8984 9
10 3171 6841 74
11 2494 6696 25
12 4819 2373 66
13 5578 8089 75
14 920 9064 54
15 6876 1954 77
16 5047 2145 43
17 7847 2390 6
18 6802 5513 59
19 1792 9041 1
20 8953 7668 54
21 6943 9555 80
22 1025 5348 2
23 766 6601 80
24 8178 7484 28
25 4152 5655 50
26 3428 5722 67
27 9438 8537 5
28 8681 2605 57
29 8347 2502 40
30 6781 5208 24
31 6049 5486 5
32 2285 9800 18
33 7535 3583 57
34 1905 157 68
35 2141 9897 84
36 4907 1572 30
37 8946 3880 18
38 8185 1822 72
39 3229 7714 40
40 5402 4049 29
41 8755 5054 67
42 3719 4247 89
43 3047 6610 63
44 4041 2239 55
45 8492 7582 13
46 6606 465 1
47 1777 6034 10
48 5200 839 51
49 4793 5680 89
50 1021 3676 96
51 7144 3936 28
52 3325 4580 78
53 1012 3274 88
54 8255 988 77
55 6953 5644 85
56 3858 2148 86
57 9028 8567 85
58 2832 1633 70
59 3230 5023 40
60 8221 8331 50
61 2901 2272 51
62 2237 2710 36
63 6756 5103 86
64 7519 619 87
65 4320 5111 83
66 5676 8659 20
67 4478 4696 29
68 1932 8813 72
69 8094 9205 61
70 3314 4990 65
71 8310 4330 57
72 2041 2485 40
73 3547 7153 59
74 1927 2504 92
75 24 9467 16
76 6029 1526 43
77 5043 2268 85
78 8469 969 35
79 5563 6390 72
80 9309 3289 46
81 4421 7443 43
82 2580 1535 14
83 9764 8731 10
84 7684 6485 79
85 4023 2645 27
86 1287 4080 52
87 5528 4378 13
88 2926 641 97
89 7901 9327 66
90 4931 5568 27
91 2948 854 34
92 673 7305 57
93 6715 644 14
94 2147 1916 23
95 3100 368 95
96 2289 2453 10
97 2704 6677 52
98 3763 9217 53
99 7686 3196 2
