0 0 0 0
1 2006 772 56
2 7546 3193 74
3 5375 7570 5
4 9222 8218 32
5 4569 2860 45
6 1152 5122 7
7 6755 1245 93
8 5992 9034 44
9 8923 1205 52
10 5476 2919 43
11 9703 2640 30
12 6685 3612 2
13 8892 9427 76
14 1848 2174 97
15 6771 3827 43
16 3533 2609 67
17 671 1419 79
18 9547 8435 83
19 393 6658 44
20 2321 2965 89
21 8413 4394 66
22 5775 9850 99
23 6648 8038 39
24 3104 3397 95
25 6255 4969 33
26 9468 2210 2
27 9623 9262 32
28 6761 1003 43
29 4428 1279 67
30 3717 3014 88
31 2348 8445 71
32 7419 2953 28
33 5285 6585 30
34 804 7566 13
35 5706 1084 17
36 602 6007 16
37 6790 895 17
38 1575 8123 57
39 211 1345 52
40 5600 131 60
41 5810 3055 2
42 3657 8218 51
43 9505 5781 63
44 8895 7184 60
45 8304 2631 71
46 1822 9339 46
47 1755 3944 89
48 3929 1878 22
49 3589 3299 29
50 5670 467 40
51 3342 5967 24
52 1824 4965 70
53 5806 4037 81
54 6249 8284 25
55 3373 215 29
56 9104 7423 23
57 5643 9709 65
58 7462 9681 76
59 2097 1580 78
60 760 5647 28
61 2536 7394 6
62 9932 4872 19
63 1445 6798 2
64 7087 7962 31
65 808 3293 42
66 1161 4802 34
67 5603 1699 96
68 8959 6059 23
69 3794 3996 55
70 824 7917 34
71 3265 6974 22
72 2314 2204 61
73 8710 3778 51
74 5357 5146 29
75 7035 7703 8
76 3480 407 8
77 8493 4167 79
78 3471 963 71
79 2769 8968 33
80 9091 7574 66
81 3734 1362 58
82 840 8466 92
83 3548 8663 29
84 8073 5909 36
85 1105 2227 82
86 4035 3770 28
87 2701 3426 16
88 911 1114 99
89 9905 5733 88
90 1090 8213 42
91 1051 223 38
92 2327 5691 71
93 3019 2432 32
94 8540 5304 1
95 2349 1364 44
96 2410 4042 96
97 9342 577 78
98 2300 8549 69
99 1 1252 0
