0 0 0 0
1 871 909 54
2 1157 895 8
3 884 1703 52
4 1920 1510 27
5 259 542 74
6 540 1466 9
7 704 1624 97
8 54 417 99
9 533 1762 91
10 1647 1390 37
11 76 1802 32
12 842 1872 61
13 1177 363 93
14 1362 263 85
15 1768 1504 1
16 960 1452 45
17 150 1849 76
18 441 1440 71
19 1799 323 43
20 686 670 37
21 1931 1317 26
22 1830 1391 32
23 626 991 11
24 862 845 66
25 786 756 41
26 1699 699 60
27 1518 183 54
28 1991 1016 55
29 1628 33 25
30 1733 347 40
31 679 601 60
32 403 158 91
33 915 1606 91
34 1665 1863 42
35 0 231 85
36 1599 166 45
37 562 1282 30
38 1185 1030 96
39 980 1300 36
40 1218 1819 83
41 1193 1368 74
42 828 1943 79
43 974 991 65
44 341 858 38
45 1893 1101 21
46 306 1412 2
47 1374 1897 75
48 1193 1293 11
49 46 551 59
50 993 1772 53
51 453 536 34
52 1545 82 66
53 1510 1878 16
54 1313 558 54
55 372 1163 36
56 1420 1760 13
57 1910 1905 16
58 710 145 99
59 97 1679 50
60 1450 1377 8
61 1910 1177 34
62 746 960 43
63 1294 661 28
64 530 113 92
65 566 1890 66
66 1612 1670 82
67 235 1913 27
68 337 424 34
69 582 848 44
70 1458 906 30
71 995 157 62
72 140 617 27
73 759 1850 69
74 1009 1228 80
75 290 390 74
76 974 487 97
77 1635 233 71
78 26 309 78
79 711 16 3
80 1252 1132 91
81 61 1386 99
82 782 1442 15
83 1878 235 61
84 420 857 60
85 1695 306 99
86 1509 1503 45
87 1242 298 25
88 1133 661 57
89 950 537 99
90 43 1944 54
91 295 1298 56
92 687 971 34
93 897 1502 69
94 1818 1914 12
95 200 1096 5
96 419 1245 7
97 712 513 80
98 971 317 75
99 1683 159 92
