0 0 0 0
1 533 380 34
2 290 1302 68
3 251 1869 45
4 269 665 67
5 1101 1783 45
6 550 1087 9
7 1548 469 91
8 1233 630 64
9 1794 547 33
10 39 956 63
11 1057 970 73
12 1544 341 93
13 664 881 33
14 25 701 2
15 832 1307 68
16 235 406 12
17 26 1245 50
18 1324 918 52
19 1746 1631 60
20 1460 1211 32
21 1158 1815 38
22 1169 1284 51
23 1632 569 64
24 58 1830 93
25 1272 717 12
26 1585 875 39
27 220 1353 67
28 1500 1045 51
29 1024 353 18
30 1737 446 57
31 777 541 51
32 308 1827 29
33 1936 1080 42
34 1079 703 16
35 1718 1259 37
36 1669 945 86
37 1823 1107 0
38 742 1983 25
39 836 358 69
40 1549 56 96
41 277 928 70
42 1186 1384 17
43 1069 36 41
44 544 260 24
45 406 162 77
46 1310 1489 61
47 973 1548 97
48 995 1670 64
49 424 1476 42
50 581 886 48
51 489 1309 18
52 261 1176 59
53 663 1864 91
54 412 499 59
55 959 421 14
56 328 931 32
57 1813 1486 0
58 868 912 17
59 1563 1683 1
60 382 111 5
61 1562 1534 21
62 342 191 9
63 1675 164 80
64 86 637 40
65 725 1892 65
66 1794 606 91
67 341 817 8
68 1120 34 80
69 964 1453 42
70 450 1235 20
71 633 130 99
72 1084 507 32
73 1342 1995 72
74 915 708 91
75 514 804 57
76 31 109 0
77 872 1956 2
78 177 408 72
79 1396 631 4
80 1778 395 33
81 1907 529 91
82 1517 639 51
83 558 1446 25
84 1694 536 13
85 1106 111 3
86 428 1359 31
87 1283 399 92
88 258 1764 66
89 170 864 82
90 894 453 53
91 1637 32 28
92 1073 304 83
93 1345 1578 81
94 748 134 86
95 1591 1778 84
96 1237 249 10
97 664 576 46
98 819 1797 25
99 1620 372 87
