0 0 0 0
1 134 317 2
2 1883 9 49
3 332 1766 88
4 1409 357 52
5 814 1934 19
6 1934 359 23
7 743 391 74
8 1372 1185 56
9 1601 550 71
10 247 1402 54
11 1871 836 95
12 919 1784 2
13 1034 793 22
14 908 459 60
15 146 1265 14
16 1359 770 51
17 1463 1906 48
18 985 101 63
19 1985 412 22
20 1296 482 73
21 502 470 68
22 1676 1388 23
23 1789 184 9
24 830 707 98
25 1933 1435 52
26 1318 222 5
27 801 1154 43
28 258 720 63
29 1968 654 45
30 468 1024 45
31 13 982 17
32 116 695 62
33 515 989 13
34 704 1323 51
35 1552 962 97
36 142 249 50
37 1221 1037 85
38 84 1142 45
39 1816 87 10
40 43 1630 35
41 315 128 28
42 1392 946 12
43 1180 430 69
44 1173 1295 91
45 44 836 15
46 1525 250 24
47 653 653 33
48 1532 146 17
49 409 956 34
50 368 1329 43
51 1092 1488 1
52 993 1590 90
53 1485 1179 80
54 217 188 80
55 952 810 66
56 621 1815 44
57 753 1232 75
58 536 52 0
59 900 1163 54
60 500 572 16
61 617 842 36
62 1090 1409 0
63 1034 1828 60
64 106 152 98
65 619 165 53
66 904 530 50
67 1102 1606 19
68 1747 1788 19
69 1454 660 98
70 690 293 13
71 312 742 26
72 580 1499 41
73 44 1309 51
74 720 950 20
75 1297 1248 34
76 621 253 16
77 1478 173 11
78 1085 969 42
79 822 1664 37
80 0 1058 98
81 1323 1871 94
82 900 900 18
83 746 94 0
84 1300 46 98
85 1334 894 80
86 1670 1017 47
87 667 1675 38
88 881 1896 45
89 633 1942 45
90 348 592 21
91 1018 1752 78
92 489 1869 15
93 819 557 97
94 910 1384 42
95 1977 849 89
96 1748 297 0
97 1429 1288 83
98 106 1008 93
99 1548 1337 63
