0 0 0 0
1 1745 95 63
2 1717 1646 45
3 714 3 76
4 733 1466 80
5 1028 1875 23
6 1907 1065 95
7 1102 1003 45
8 224 164 85
9 919 1776 78
10 731 1523 7
11 1624 777 6
12 1772 1645 21
13 1991 811 99
14 1183 870 43
15 1884 245 47
16 384 263 86
17 61 1273 58
18 766 1911 71
19 738 1181 47
20 323 1621 60
21 1031 353 45
22 1050 618 50
23 1610 1462 28
24 109 1889 14
25 687 843 91
26 1215 1602 79
27 1107 1130 18
28 314 724 60
29 1256 932 50
30 1058 1377 0
31 1883 125 27
32 1030 8 66
33 1968 753 98
34 947 48 4
35 35 1907 14
36 653 1238 97
37 1566 1690 11
38 1352 1810 35
39 1526 698 71
40 591 1330 85
41 1804 1570 35
42 1112 409 70
43 1290 685 48
44 1006 306 51
45 835 1546 20
46 610 302 28
47 254 941 47
48 1047 60 4
49 170 1253 44
50 872 1905 75
51 1495 328 94
52 1691 695 92
53 311 1394 65
54 495 540 75
55 365 80 8
56 1802 1395 29
57 482 1266 54
58 342 558 25
59 482 33 53
60 1408 1451 46
61 244 1547 94
62 1449 1697 85
63 149 1831 87
64 1902 352 71
65 1220 1483 14
66 1004 121 0
67 1810 778 52
68 945 1097 23
69 263 449 93
70 577 1076 81
71 395 1660 69
72 1379 1860 76
73 1144 1197 57
74 1952 1980 17
75 569 1132 24
76 272 573 61
77 665 264 18
78 1942 1384 14
79 1010 552 86
80 282 1284 32
81 185 1531 0
82 1013 1813 55
83 490 1888 31
84 170 293 46
85 1060 226 89
86 1617 1979 54
87 246 1701 38
88 681 1158 74
89 906 644 59
90 1050 1316 76
91 937 319 47
92 1536 458 13
93 10 1521 88
94 674 1711 73
95 815 1671 71
96 1922 1627 85
97 558 95 87
98 948 1348 6
99 223 1159 32
