0 0 0 0
1 1308 384 4
2 745 205 35
3 1303 1103 98
4 1088 907 29
5 147 781 45
6 629 539 41
7 996 919 2
8 1859 435 60
9 1643 1383 74
10 1123 84 96
11 219 93 31
12 71 773 86
13 299 36 6
14 157 653 64
15 1776 626 46
16 1825 727 62
17 862 1221 74
18 1414 545 71
19 724 298 24
20 270 622 56
21 1658 93 31
22 1482 303 36
23 57 884 18
24 278 1338 4
25 1049 50 92
26 1922 1104 22
27 746 1682 85
28 955 608 0
29 224 1149 42
30 577 1250 91
31 1552 1972 82
32 999 673 33
33 1016 362 91
34 1167 775 17
35 1528 1818 14
36 948 324 66
37 129 258 25
38 1219 1377 38
39 1267 961 36
40 1272 1588 23
41 1758 367 2
42 654 454 71
43 1042 163 68
44 1198 1753 23
45 1114 547 81
46 1541 806 27
47 898 989 27
48 432 616 84
49 969 75 88
50 1407 440 37
51 1966 594 82
52 506 1530 80
53 1313 995 17
54 1409 359 98
55 1469 1852 30
56 383 1512 8
57 91 467 21
58 642 1688 89
59 1031 1111 20
60 176 1836 15
61 745 1481 15
62 29 834 71
63 1712 1304 97
64 1212 542 90
65 312 1438 13
66 1523 1501 93
67 856 196 90
68 137 865 52
69 487 994 81
70 111 208 17
71 1838 1916 29
72 1486 84 23
73 850 49 83
74 1804 1324 82
75 19 571 96
76 414 1071 17
77 640 973 29
78 870 636 43
79 1824 249 4
80 784 329 64
81 1677 1046 60
82 244 987 38
83 625 405 95
84 89 1158 9
85 1868 1101 33
86 1614 1251 53
87 780 1263 34
88 928 1273 99
89 800 544 6
90 1783 1082 83
91 1336 1379 13
92 1895 631 39
93 1147 435 25
94 195 268 13
95 1241 109 14
96 574 615 27
97 1060 1526 82
98 1719 664 54
99 1420 1524 26
