0 0 0 0
1 4720 3586 85
2 3761 615 93
3 6548 2716 78
4 7801 5758 37
5 9046 5595 91
6 7788 9531 91
7 3890 9349 2
8 5980 2659 50
9 7465 2596 74
10 5895 1782 9
11 2570 3792 16
12 9734 3686 67
13 6931 811 17
14 8619 3829 30
15 4962 1270 73
16 2166 7811 27
17 9907 1347 41
18 3670 8183 63
19 8609 6750 0
20 1345 1381 78
21 5844 4786 82
22 3773 1629 80
23 9217 8822 67
24 5649 252 96
25 6083 356 38
26 1792 6287 90
27 3595 9661 88
28 6142 8730 59
29 9349 1828 2
30 6571 9748 73
31 5210 9604 48
32 7375 4383 77
33 1908 6149 27
34 1515 6267 55
35 7542 1455 74
36 9882 4098 30
37 8804 9895 24
38 2842 4425 82
39 7780 2774 79
40 6583 5690 77
41 6577 3972 64
42 1031 7186 69
43 4895 840 91
44 7169 8168 96
45 5960 6079 85
46 3941 4110 9
47 4767 271 58
48 8576 400 74
49 3737 5575 61
50 6684 9022 55
51 7398 2824 19
52 1808 3945 54
53 4598 2322 27
54 7886 4064 81
55 3252 1673 84
56 4781 6875 59
57 6547 2920 25
58 7877 3304 14
59 1282 8194 67
60 2425 4261 26
61 7934 4136 71
62 3129 4379 37
63 1898 7302 75
64 9308 1448 26
65 3130 5872 85
66 7428 6171 60
67 9975 3087 20
68 772 4678 15
69 8610 4296 68
70 2599 9668 53
71 6348 9285 93
72 8257 2205 29
73 2669 2902 20
74 3620 9861 63
75 2691 2253 24
76 2192 5117 82
77 8436 2020 13
78 6683 4333 62
79 4400 7745 98
80 2612 9477 66
81 6354 8704 24
82 451 6308 63
83 7296 8133 30
84 3888 7508 55
85 742 503 16
86 9405 3188 62
87 9653 7905 94
88 7879 7499 3
89 6210 5970 24
90 7653 9763 83
91 7646 3386 57
92 4315 1321 54
93 7704 6279 27
94 2909 5690 50
95 1149 2058 96
96 6524 5378 37
97 562 4122 19
98 7732 2717 57
99 10000 10000 0
