0 0 0 0
1 2284 3157 62
2 8236 9551 17
3 9623 6189 71
4 9034 7737 19
5 2965 2834 4
6 4058 3745 17
7 1187 5553 73
8 5386 6208 10
9 4118 3534 65
10 8839 9674 88
11 4239 8085 52
12 6320 6160 47
13 7858 349 70
14 1117 2790 94
15 70 4108 41
16 7632 4840 16
17 8611 4018 90
18 1261 1106 79
19 5382 4243 84
20 4906 1486 18
21 2703 7773 56
22 9412 1177 73
23 1709 5605 69
24 3771 2099 67
25 6122 8093 27
26 9271 5411 30
27 1279 6638 42
28 7471 6375 58
29 4871 744 64
30 2885 5761 9
31 6981 8130 61
32 5590 4518 93
33 9865 693 36
34 6622 2552 62
35 4247 9333 44
36 7903 866 73
37 6964 1401 91
38 7512 6557 21
39 7194 5722 84
40 7904 9322 53
41 2512 3385 35
42 233 9017 46
43 42 267 67
44 6248 7241 37
45 5250 3920 7
46 8996 8654 72
47 9163 6025 41
48 4749 9901 78
49 5772 2679 72
50 927 1934 33
51 8036 6579 79
52 6752 1760 7
53 6209 8960 44
54 3153 8174 36
55 8344 1083 17
56 5290 1913 61
57 8642 1144 45
58 2970 7427 50
59 9361 8186 97
60 7683 8593 15
61 1482 5968 51
62 5599 3585 25
63 6915 2402 75
64 792 7886 38
65 5101 3943 39
66 253 3131 26
67 8300 5680 61
68 77 7054 37
69 9221 1152 58
70 5326 8905 98
71 6534 6559 66
72 3796 4439 17
73 2492 3236 74
74 2374 2177 10
75 905 1097 21
76 2593 7808 82
77 8768 9164 18
78 3468 2399 68
79 942 2909 43
80 2647 6634 18
81 3630 4036 97
82 2694 4414 95
83 8398 1301 86
84 4042 6866 88
85 4351 1822 3
86 390 1498 11
87 8515 8747 53
88 688 4785 42
89 1620 349 90
90 348 3865 21
91 5769 1625 5
92 1256 8067 57
93 7820 2575 53
94 1984 8746 93
95 4938 2451 55
96 1580 1321 27
97 4072 8506 78
98 9284 6497 58
99 5351 8765 60
100 10000 10000 0
