0 0 0 0
1 9861 5261 54
2 6748 8122 87
3 6278 1848 84
4 2327 4472 52
5 8088 2709 87
6 3983 9176 76
7 722 7337 72
8 7655 3747 14
9 3234 7386 53
10 5610 6898 33
11 5010 2108 8
12 9818 5536 29
13 8766 578 52
14 3359 3053 31
15 1878 7635 25
16 9637 9786 27
17 1626 2895 48
18 4263 8524 7
19 6116 5785 66
20 7237 1038 54
21 1316 7047 40
22 9876 3990 39
23 1902 7629 2
24 6319 2296 38
25 3510 8485 18
26 9722 1716 41
27 7756 6955 71
28 1414 6708 0
29 9329 5882 2
30 3973 5276 44
31 4964 1983 6
32 966 1065 60
33 934 9426 70
34 6987 3454 46
35 1875 6022 35
36 3562 113 8
37 3689 5256 87
38 2714 2695 91
39 4316 424 41
40 2353 632 37
41 2080 8263 94
42 9513 2871 9
43 8226 1689 0
44 5359 2333 59
45 1775 3222 59
46 6491 7845 65
47 7260 5991 89
48 1619 235 77
49 8509 5194 90
50 7556 7021 96
51 4295 8052 82
52 9555 3641 28
53 4453 3510 23
54 3037 8928 60
55 9601 4928 16
56 2935 2695 20
57 2226 8600 30
58 2627 7544 98
59 2332 3223 42
60 1920 7539 75
61 6772 1548 43
62 2644 2600 57
63 4792 4286 56
64 462 7398 76
65 344 6176 22
66 2903 287 91
67 7055 4005 25
68 4025 2170 54
69 7690 7547 55
70 9634 9179 97
71 4843 9911 43
72 3728 6847 84
73 5268 7172 94
74 8736 4614 63
75 1813 9923 38
76 1055 1642 7
77 5359 7983 79
78 7627 1954 22
79 8545 8768 87
80 2679 1008 2
81 4017 3954 18
82 49 5942 73
83 1781 9923 45
84 3230 2415 91
85 1268 8437 71
86 8143 7100 59
87 7769 2278 77
88 9782 1219 7
89 1521 5321 62
90 1374 4608 49
91 9425 5985 83
92 5174 1749 49
93 7800 4385 79
94 716 4776 16
95 3998 6902 24
96 9781 2043 31
97 1841 8375 82
98 6144 119 89
99 1458 2767 14
100 10000 10000 0
