0 0 0 0
1 596 4381 99
2 9570 7697 41
3 1678 374 85
4 5252 2575 8
5 772 1171 7
6 6402 3165 55
7 6222 5718 18
8 3842 4991 33
9 5866 3807 23
10 2051 3534 90
11 2546 5786 39
12 3915 1262 25
13 7318 5805 65
14 7904 4634 19
15 6855 4370 43
16 5041 8501 2
17 5563 9103 89
18 2268 4486 91
19 1020 4183 99
20 6500 1069 88
21 5359 4109 99
22 7810 3794 14
23 4436 2923 49
24 4058 743 76
25 4926 1944 44
26 3240 1311 61
27 4684 594 33
28 2891 7785 25
29 8752 5460 94
30 8477 7165 36
31 4237 6968 49
32 7356 2090 81
33 2461 1120 0
34 8868 4355 22
35 5483 9841 3
36 5739 6050 5
37 1407 4230 84
38 3091 7711 26
39 4430 3643 10
40 5472 5697 77
41 3644 7328 50
42 4833 864 34
43 837 2612 37
44 7890 5477 48
45 5035 4865 69
46 1969 7948 72
47 1554 4591 24
48 4551 1774 40
49 6102 2650 62
50 3241 8302 25
51 2896 3555 70
52 7899 2679 41
53 7465 3997 11
54 2019 6782 86
55 4129 3266 58
56 7242 8107 37
57 1247 1698 28
58 3994 3097 30
59 9747 4202 48
60 1227 3781 30
61 5456 4564 33
62 983 2289 34
63 3554 351 61
64 6834 633 6
65 8915 1875 46
66 7778 6325 12
67 2174 6816 32
68 899 5469 48
69 1952 8942 0
70 9163 5586 58
71 8073 2892 71
72 6120 5539 70
73 619 7178 49
74 7914 5580 75
75 1001 3695 12
76 1052 6356 99
77 2900 716 48
78 664 5136 93
79 2312 2639 50
80 1991 8753 53
81 5965 4494 14
82 1971 2846 50
83 9027 1395 25
84 6730 585 32
85 3730 9621 68
86 7242 4598 71
87 4534 8257 46
88 5050 5437 6
89 2284 190 20
90 5966 4446 99
91 4033 2413 7
92 7813 8049 34
93 4017 7716 40
94 4252 781 40
95 3146 1646 22
96 7720 2583 28
97 6511 5528 55
98 3524 1413 1
99 7909 2254 17
100 10000 10000 0
