0 0 0 0
1 2598 844 29
2 1650 6256 6
3 5678 6510 56
4 9429 1210 95
5 2756 3177 42
6 5832 702 62
7 6795 8467 62
8 2426 7795 16
9 294 3697 96
10 2057 2358 22
11 2022 8555 85
12 5072 1371 77
13 9629 5549 33
14 1423 3603 49
15 436 7730 46
16 5825 22 99
17 645 2299 5
18 3134 6530 70
19 7377 3730 9
20 1934 8997 66
21 6547 1673 43
22 8477 6649 87
23 4593 8708 43
24 6026 9666 84
25 4455 3904 35
26 7357 9150 64
27 9003 7981 39
28 5954 81 6
29 8816 3232 81
30 9105 952 57
31 6354 5265 79
32 1796 4446 92
33 2298 264 25
34 5382 5688 2
35 1535 7491 14
36 3372 3887 78
37 6735 1739 22
38 2062 9816 84
39 3024 7530 91
40 3007 9890 7
41 8693 4654 35
42 5904 6434 15
43 659 4904 86
44 7990 8489 19
45 7173 5235 86
46 8021 4716 41
47 8609 7757 12
48 8757 8222 50
49 6822 4777 41
50 3266 6362 5
51 1789 22 58
52 8335 2814 89
53 7910 139 3
54 6762 8234 19
55 5971 6394 40
56 7908 5541 60
57 2326 5526 19
58 3970 1847 45
59 6177 5168 25
60 9905 5651 12
61 4595 2364 1
62 9308 5556 91
63 575 2399 15
64 6132 1653 97
65 9176 4532 22
66 8600 9812 29
67 3250 1175 94
68 4090 251 0
69 5709 3899 79
70 1689 2148 50
71 9144 1765 51
72 9955 478 78
73 5394 1874 39
74 669 6939 9
75 65 1913 81
76 1544 7883 75
77 8454 9405 87
78 1635 6143 99
79 4380 1663 77
80 6560 2051 4
81 5630 7826 92
82 8259 6271 73
83 2531 6178 83
84 98 5287 97
85 4628 5360 4
86 4741 9074 30
87 5498 8355 42
88 3818 6032 75
89 2797 6122 91
90 877 8461 74
91 5604 1683 0
92 804 3867 28
93 6837 4793 51
94 5559 7463 79
95 7144 3181 39
96 8073 2780 76
97 5339 9433 47
98 2676 9965 99
99 7540 5327 93
100 10000 10000 0
