0 0 0 0
1 1761 5417 5
2 5389 5543 74
3 4654 3481 20
4 2566 2009 64
5 5728 219 51
6 6700 2145 64
7 1632 7945 44
8 838 2106 73
9 4189 7969 16
10 7095 34 48
11 6602 204 71
12 3682 2166 82
13 3983 508 21
14 5374 8583 77
15 8974 6692 86
16 885 9819 52
17 6897 8966 81
18 5084 7028 96
19 3532 1407 19
20 5124 545 84
21 2331 6050 72
22 8543 6106 84
23 8632 6890 56
24 7540 4548 91
25 7145 7864 96
26 888 8756 16
27 9047 6849 78
28 4461 4884 58
29 9894 9970 5
30 3265 8957 37
31 1994 9646 14
32 737 2965 82
33 5488 3072 36
34 9341 9305 65
35 4282 7518 75
36 7560 3695 87
37 5861 1560 64
38 2574 7791 19
39 5317 4542 9
40 49 6977 86
41 5742 287 57
42 8515 1966 24
43 7207 3250 16
44 592 2056 30
45 1007 9224 95
46 1540 9159 71
47 8076 7843 19
48 9504 9976 0
49 4948 1511 53
50 5305 5715 57
51 6052 6385 62
52 9214 6574 11
53 2854 3226 10
54 7135 7066 83
55 6714 2009 22
56 374 1563 84
57 578 5184 75
58 3308 5620 47
59 5880 8298 7
60 5774 1338 42
61 27 8515 4
62 2785 8336 4
63 2202 5966 0
64 379 3585 29
65 8641 544 56
66 3885 9444 6
67 7739 4573 37
68 951 751 44
69 8906 3813 52
70 8265 7307 81
71 7295 6517 13
72 3455 8479 12
73 3821 2490 36
74 7223 795 12
75 6506 8474 57
76 8945 7953 70
77 3423 4160 29
78 7329 4165 12
79 8803 2850 41
80 8692 2931 32
81 4669 6960 28
82 9032 2017 52
83 8399 3483 96
84 3234 4582 67
85 2577 4814 0
86 1945 7998 25
87 4674 7723 65
88 2950 2319 30
89 505 8065 53
90 7088 9465 38
91 84 4449 75
92 6848 2907 6
93 7991 5810 1
94 1650 3032 27
95 2692 2784 69
96 2163 7388 58
97 8306 4190 56
98 5569 204 69
99 2076 6295 92
100 10000 10000 0
