0 0 0 0
1 3496 4518 37
2 4011 2629 56
3 1103 4224 97
4 9369 5014 85
5 1446 7301 85
6 958 3581 81
7 6304 8758 62
8 1649 5885 18
9 4220 3032 29
10 7667 7631 72
11 2909 1089 38
12 8061 7960 62
13 7611 1573 20
14 4924 5836 82
15 244 2575 19
16 2259 3234 47
17 2308 6413 88
18 1952 1429 94
19 8486 583 26
20 1843 1113 70
21 5997 1702 64
22 3263 7349 92
23 2780 7327 9
24 5092 6739 29
25 5299 231 20
26 1038 3361 10
27 3065 1764 4
28 2130 3188 83
29 8663 7251 47
30 7676 7271 28
31 2425 6135 61
32 9191 5676 32
33 7579 9939 32
34 4050 6319 34
35 3042 4198 43
36 7974 7200 39
37 902 6850 58
38 1887 3407 62
39 3812 9585 2
40 7611 472 44
41 1478 6741 21
42 9850 1713 11
43 3520 7361 47
44 7591 3723 88
45 5370 8514 50
46 1441 4209 40
47 444 930 7
48 6677 4468 94
49 3389 8629 48
50 1591 2746 82
51 3070 5905 4
52 4911 4010 81
53 2531 5485 28
54 7489 9747 87
55 7942 4758 71
56 6611 4284 9
57 3469 8356 50
58 2364 5948 70
59 9787 4125 83
60 3705 9734 95
61 7639 7825 81
62 4471 9289 93
63 4003 2267 32
64 1480 2295 60
65 7767 5037 29
66 6009 7813 99
67 8393 1839 76
68 8581 871 50
69 2185 7355 65
70 389 4326 55
71 7757 922 51
72 8802 8318 26
73 1157 3932 79
74 5624 937 93
75 9103 5454 99
76 8778 3172 62
77 6338 7136 94
78 2653 7749 50
79 9996 8264 93
80 2008 7407 68
81 2243 2615 89
82 9711 9388 90
83 4319 3842 75
84 4228 5267 43
85 4779 5357 4
86 3752 1987 50
87 9266 8257 68
88 9208 7472 22
89 5523 5012 71
90 1243 6963 17
91 4598 2939 16
92 9638 7534 43
93 2610 9301 25
94 9298 1778 69
95 2214 694 17
96 3529 5933 47
97 9367 1841 35
98 64 9315 85
99 315 5308 71
100 10000 10000 0
