0 0 0 0
1 5542 6840 94
2 7450 4443 25
3 1381 9808 15
4 3570 8909 70
5 6825 4060 57
6 5642 4737 79
7 9705 6026 96
8 7597 7973 66
9 5785 9669 23
10 5900 2617 56
11 7143 7473 27
12 66 6782 32
13 5879 1461 66
14 8109 9752 25
15 4388 9821 87
16 3570 8969 63
17 1577 4869 85
18 7896 3197 93
19 2120 3498 34
20 121 6625 24
21 2163 5173 98
22 5221 317 63
23 6446 5474 36
24 9913 8710 57
25 8163 4347 76
26 8605 6913 15
27 34 739 15
28 6650 6054 81
29 4619 5978 53
30 1943 6730 13
31 9486 5878 10
32 488 8333 16
33 2492 6494 34
34 1566 7118 43
35 4493 3789 50
36 1108 1583 13
37 296 6937 50
38 4701 9922 90
39 2799 310 42
40 5679 399 56
41 8318 1527 2
42 4114 2714 67
43 1927 7956 31
44 5531 8515 98
45 5637 3199 20
46 2723 5837 1
47 4622 6194 9
48 4603 6883 0
49 8431 4017 88
50 6845 7900 75
51 7061 6770 21
52 6632 5891 13
53 9536 2121 28
54 9473 9724 79
55 8602 3665 33
56 2639 6114 70
57 1640 221 2
58 5633 8652 85
59 9616 5768 86
60 480 7510 43
61 9490 837 83
62 6675 7373 96
63 3069 8361 21
64 519 3654 34
65 7365 1531 24
66 8006 8186 7
67 9097 3559 45
68 6618 8627 8
69 946 8433 65
70 9039 6259 75
71 115 8414 85
72 94 5679 74
73 4189 1023 14
74 5297 6059 71
75 5726 2420 9
76 7531 2245 68
77 4333 3753 66
78 3887 8259 75
79 2257 9339 42
80 6921 6445 33
81 7571 6132 56
82 2236 4101 29
83 6070 3856 76
84 7091 3868 85
85 5141 5339 64
86 6387 5187 79
87 7671 8836 7
88 4119 7794 58
89 8592 9966 85
90 7394 4765 0
91 223 2601 22
92 3742 5541 96
93 9222 5755 93
94 6326 1142 79
95 1312 2392 29
96 8592 6136 30
97 4477 7200 40
98 5518 9835 3
99 887 6520 6
100 10000 10000 0
