0 0 0 0
1 8037 8094 39
2 6523 9243 48
3 8181 6571 30
4 716 7400 71
5 5393 3825 8
6 1820 2223 8
7 299 5819 60
8 7080 6036 43
9 1420 9621 95
10 3614 478 80
11 1453 9179 14
12 319 4909 99
13 4768 5455 44
14 4161 8308 13
15 4187 9708 80
16 621 227 59
17 6175 620 44
18 8558 5950 56
19 6090 1669 28
20 4059 4512 68
21 6160 7853 81
22 2750 8559 29
23 1992 3016 37
24 5108 4273 76
25 1277 4612 86
26 5990 5499 49
27 6833 2852 58
28 384 9577 30
29 1241 9214 65
30 549 4278 56
31 4198 8963 56
32 3976 3143 78
33 3961 8647 91
34 6821 3009 1
35 729 2494 84
36 9738 6576 72
37 1788 9024 49
38 354 1167 51
39 6426 7971 92
40 8953 3871 83
41 8010 6173 9
42 5898 6104 84
43 851 4231 5
44 1825 7550 56
45 1104 5819 61
46 8152 2496 65
47 4894 3301 31
48 211 3717 23
49 5538 5181 19
50 1534 8574 86
51 7812 2176 21
52 3426 1916 85
53 2166 1813 35
54 3946 7059 80
55 2619 4890 10
56 1 2601 21
57 6765 13 95
58 3962 5204 63
59 6836 2207 33
60 4330 91 94
61 1189 7699 87
62 2297 27 30
63 9528 9261 78
64 2463 6665 12
65 2931 6937 88
66 275 9960 49
67 3853 5569 76
68 1961 2613 23
69 7164 3052 11
70 2473 3495 62
71 2551 1825 75
72 5241 8412 2
73 5544 4743 18
74 2288 3308 14
75 5770 1307 59
76 7250 6019 88
77 9738 1413 10
78 4930 2826 21
79 89 2329 37
80 363 2576 72
81 2453 4357 43
82 5028 6000 90
83 9590 2859 18
84 3301 2805 97
85 7206 6956 85
86 6338 2425 90
87 7054 1755 18
88 5529 597 7
89 552 5627 43
90 472 2746 91
91 3276 7337 20
92 5472 2802 74
93 7936 2274 11
94 778 5892 86
95 927 3461 9
96 3133 3265 18
97 6252 1101 45
98 4983 5439 76
99 2070 20 43
100 10000 10000 0
