0 0 0 0
1 854 9967 70
2 3505 2800 46
3 6380 3773 79
4 5426 5053 98
5 8957 8571 51
6 332 8608 45
7 9853 394 92
8 4955 9425 83
9 8299 1110 38
10 4375 2725 0
11 5079 3674 46
12 9282 4671 26
13 7539 3332 9
14 8 2802 19
15 5835 3040 56
16 6139 8442 89
17 1626 69 36
18 9357 966 52
19 5294 2744 63
20 1425 1482 3
21 137 4845 51
22 1749 9090 6
23 4830 8508 4
24 2987 6701 83
25 7661 3147 34
26 5657 2237 10
27 8973 6417 45
28 7057 1854 48
29 3467 46 62
30 2072 3085 68
31 8038 8488 33
32 5681 3089 40
33 5168 629 27
34 5999 630 50
35 2557 4340 63
36 7833 6943 92
37 4349 9828 6
38 507 9688 86
39 7010 3913 44
40 1549 4161 88
41 2653 305 23
42 3673 8544 24
43 3858 2233 20
44 2426 8571 35
45 495 4536 23
46 2331 516 68
47 4303 7995 44
48 6766 7310 77
49 8752 3972 74
50 4980 9011 98
51 4194 1586 5
52 2618 7355 7
53 3029 354 2
54 9953 8449 51
55 350 8851 16
56 6093 6885 65
57 5360 5649 90
58 1726 8716 14
59 8791 3922 38
60 1644 3342 94
61 4372 9118 53
62 7782 605 17
63 5733 4723 29
64 6769 9884 72
65 3853 8306 9
66 4499 3949 13
67 7230 924 1
68 3622 8563 67
69 5593 8992 3
70 3142 4129 17
71 7365 2953 90
72 6730 2262 73
73 5550 1979 47
74 5225 2028 92
75 4948 8649 38
76 4145 8873 81
77 2166 4739 98
78 2512 5964 69
79 376 9387 99
80 9893 6681 86
81 3597 2899 19
82 5272 2253 80
83 3673 218 38
84 731 6797 69
85 442 3170 19
86 4721 2173 34
87 2993 8135 81
88 1491 713 69
89 4623 9666 72
90 2062 8193 84
91 9997 6453 68
92 4448 1023 1
93 688 9696 15
94 3787 344 72
95 4660 2860 38
96 1228 9413 79
97 3972 8896 4
98 1387 114 82
99 9057 7599 29
100 10000 10000 0
