0 0 0 0
1 2402 1934 10
2 3343 8760 58
3 7281 1548 63
4 5984 6331 41
5 7362 5425 68
6 9366 1537 21
7 9485 2585 16
8 4578 3042 98
9 7029 1425 51
10 3104 7837 52
11 6091 1874 6
12 4299 2787 89
13 9922 9260 80
14 5342 1316 3
15 948 7855 9
16 7867 7356 30
17 3871 1687 27
18 2531 3348 43
19 5054 7888 64
20 8183 2857 35
21 7566 6274 56
22 8277 3150 63
23 3437 2949 95
24 574 7214 74
25 4894 1876 86
26 2193 263 87
27 1457 8876 32
28 2179 8375 34
29 3118 7028 24
30 2123 1755 12
31 5292 9789 43
32 454 4714 42
33 76 9006 50
34 9636 8602 42
35 4638 6668 27
36 4613 3102 68
37 1266 1173 23
38 8711 8404 16
39 6612 7824 26
40 9234 1163 71
41 2959 8706 33
42 1697 6653 27
43 5385 5057 41
44 6688 6069 0
45 3551 4557 2
46 7408 4212 15
47 4251 8712 34
48 9151 2552 91
49 1391 8794 20
50 6598 9527 12
51 9794 7053 33
52 1555 3896 10
53 9846 3956 15
54 9215 9770 22
55 3326 9462 65
56 5334 7747 76
57 963 8949 75
58 4402 7156 7
59 585 3412 45
60 5732 1719 49
61 8976 6095 3
62 4956 513 96
63 5758 9678 58
64 7208 8097 52
65 725 6875 69
66 3697 5318 45
67 435 2529 10
68 9572 7106 54
69 4472 4918 19
70 9446 2590 92
71 7157 971 43
72 3129 215 72
73 7426 286 20
74 9729 8572 34
75 2906 6547 41
76 9638 1340 77
77 1172 3906 81
78 3565 1408 32
79 2451 3 17
80 4352 474 57
81 3727 1525 85
82 5996 3911 79
83 1384 8039 31
84 6271 5847 75
85 5069 5409 36
86 36 1576 95
87 1697 6314 13
88 6687 1769 34
89 1877 8001 24
90 3905 6326 50
91 8725 4925 85
92 2585 9842 19
93 46 6578 19
94 6339 3245 53
95 4172 9779 45
96 5781 7980 52
97 587 4340 82
98 3420 929 26
99 9490 265 79
100 10000 10000 0
